S-matrix
[ 22.79359136  19.11987938  12.65235696  11.85570011  11.5489543
  11.31325821  10.93033178  10.81055855  10.25903804  10.13387498
  10.01763443   9.82472934   9.61183808   9.33919247   9.27063871
   8.91810996   8.83734984   8.77225098   8.6103507    8.51503817
   8.38696649   8.29919895   8.20519127   8.06411035   8.01394039
   7.96631822   7.85724742   7.78689295   7.76774705   7.62534495
   7.4943952    7.34464577   7.27965739   7.20999549   7.15514952
   6.99249199   6.92779012   6.84136328   6.76864595   6.70691374
   6.65121827   6.55664931   6.53029956   6.44359191   6.41424123
   6.31553617   6.29115632   6.21312441   6.18546334   6.11871681
   6.07740016   6.02791199   5.83737915   5.82678778   5.79527177
   5.72409163   5.64301293   5.56924786   5.53798839   5.49519296
   5.47670521   5.34190899   5.331759     5.29209106   5.26145383
   5.20317616   5.15308915   5.06303146   4.92811867   4.8671035    4.854026
   4.82309686   4.77374909   4.69210182   4.62666194   4.61233137
   4.53412513   4.49707059   4.42651618   4.33903281   4.33360944
   4.3184888    4.29045995   4.23415483   4.16775226   4.15374822
   4.12964911   4.07725415   4.04322713   4.02062852   3.98875522
   3.91262479   3.84384936   3.81141639   3.75117287   3.73074562
   3.67478601   3.6506583    3.63092643   3.61242395   3.6023662
   3.52226294   3.47064251   3.41818427   3.38487573   3.3459741
   3.26883637   3.24522958   3.15148673   3.13011557   3.10672517
   3.07872733   3.04990412   2.98259355   2.92574497   2.87476397
   2.86310935   2.78884392   2.76151527   2.66835945   2.63456176
   2.60166125   2.53995562   2.48232979   2.44945588   2.42679068
   2.40892154   2.37247155   2.35551037   2.14140216   2.08024095
   1.87361739   1.61754024]